"Direcc..Media.de.Proced..0.N.90.E."	"logHm0"	"logTm02"	"logTp"	"ID"	"loc"
66	1.44456326924387	1.90805992492422	2.20717490818939	211	"MarBarcelona"
66	2.0360119837525	2.1621729392773	2.41947884446554	211	"MarBarcelona"
61	1.708377860289	2.02814824729229	2.31253542384721	211	"MarBarcelona"
76	1.41098697371026	1.88555334851442	2.13653050866396	211	"MarBarcelona"
53	1.52169899812609	1.96290772542388	2.26384426467762	211	"MarBarcelona"
60	1.4655675420144	1.93007108502557	2.20717490818939	211	"MarBarcelona"
61	1.82454929205105	2.10778601468898	2.37490575457367	211	"MarBarcelona"
58	1.30291275218084	1.77833644889591	2.09556092355972	211	"MarBarcelona"
62	1.3787660946991	1.89911798754855	2.18041745901984	211	"MarBarcelona"
73	1.7630170003624	2.03339760317843	2.25339484880327	211	"MarBarcelona"
218	1.45861502269952	1.85941811770187	2.11986345617875	211	"MarBarcelona"
70	1.47704872438835	1.92716410623426	2.16332302566054	211	"MarBarcelona"
113	1.61541998411165	2.002830439308	2.29253475714054	211	"MarBarcelona"
91	1.57484646766448	1.9387416595767	2.16332302566054	211	"MarBarcelona"
58	1.87180217690159	2.14358936150359	2.41947884446554	211	"MarBarcelona"
59	1.89160480419777	2.14006616349627	2.40784560365154	211	"MarBarcelona"
85	1.79342474854712	2.05540496385159	2.29253475714054	211	"MarBarcelona"
56	1.28370777234479	1.83098018238134	2.2082744135228	211	"MarBarcelona"
80	1.54968790802833	1.91250108692418	2.20717490818939	211	"MarBarcelona"
67	1.57897870494939	1.96850998097255	2.21593728626837	211	"MarBarcelona"
74	1.83258146374831	2.06178660644112	2.28238238567653	211	"MarBarcelona"
52	1.63705307946707	1.95727390770563	2.24389609664537	211	"MarBarcelona"
59	1.22377543162212	1.8484548129046	2.16332302566054	211	"MarBarcelona"
44	1.90508815453506	2.02814824729229	2.32238772029023	211	"MarBarcelona"
223	1.27815220250019	1.79674701073909	2.04769284336526	211	"MarBarcelona"
70	1.77155676191054	2.06051353179432	2.33311429802887	211	"MarBarcelona"
76	1.55392520250384	1.94876321803772	2.16332302566054	211	"MarBarcelona"
89	1.54329810992956	1.92716410623426	2.17133680638409	211	"MarBarcelona"
56	1.8213182714696	2.04640168760164	2.33311429802887	211	"MarBarcelona"
98	1.45628673293993	1.92278773163446	2.19833507162025	211	"MarBarcelona"
65	1.50407739677627	1.96711235670592	2.25339484880327	211	"MarBarcelona"
87	1.44456326924387	1.90061387414014	2.14593128294867	211	"MarBarcelona"
216	1.51732262352629	1.880990602956	2.13653050866396	211	"MarBarcelona"
115	1.44220199305819	1.88555334851442	2.14593128294867	211	"MarBarcelona"
84	1.61342993370364	1.96711235670592	2.17133680638409	211	"MarBarcelona"
65	1.4655675420144	1.94876321803772	2.2353763433006	211	"MarBarcelona"
82	1.29746314741327	1.8196988379173	2.04769284336526	211	"MarBarcelona"
215	1.3787660946991	1.8484548129046	2.07944154167984	211	"MarBarcelona"
98	1.3244189574018	1.82616089594539	2.06305806242931	211	"MarBarcelona"
60	1.69744878975681	1.95444505150515	2.22570404865809	211	"MarBarcelona"
60	1.70656462316482	2.05796251000271	2.33311429802887	211	"MarBarcelona"
53	1.16002091679675	1.83418018511201	2.17133680638409	211	"MarBarcelona"
218	1.31372366828506	1.79009141212736	2.04769284336526	211	"MarBarcelona"
107	1.47932922708708	1.89009536994892	2.11986345617875	211	"MarBarcelona"
60	1.87180217690159	2.07191327525904	2.34372703632522	211	"MarBarcelona"
73	1.62334081760309	1.99333884262642	2.2353763433006	211	"MarBarcelona"
80	1.86562931779451	2.03470564783844	2.25339484880327	211	"MarBarcelona"
42	1.51072193949494	1.95444505150515	2.27315628230323	211	"MarBarcelona"
212	1.47017584510059	1.86717610851281	2.13416644136908	211	"MarBarcelona"
50	1.51951320490611	1.86872051036418	2.1540850846756	211	"MarBarcelona"
34	1.68268837417369	1.98650354602057	2.35232718488886	211	"MarBarcelona"
56	1.62136648329937	2.06812778177956	2.43009841329301	211	"MarBarcelona"
53	1.75267208052001	2.01223279198639	2.33408376005342	211	"MarBarcelona"
27	1.91985947185537	2.00955541421567	2.25758772706331	211	"MarBarcelona"
57	1.28647402583768	1.87180217690159	2.30856716467159	211	"MarBarcelona"
37	1.80005827204275	2.07819075977818	2.42391737816157	211	"MarBarcelona"
36	1.7732559976635	1.96850998097255	2.34564458245449	211	"MarBarcelona"
38	1.85629799036563	2.08442908319087	2.43273577745909	211	"MarBarcelona"
35	1.90657514365664	2.04510886259933	2.41858876875035	211	"MarBarcelona"
49	1.65057985576528	2.00552585872967	2.4248027257183	211	"MarBarcelona"
65	1.94591014905531	2.14006616349627	2.44147709186066	211	"MarBarcelona"
217	1.56861591791385	1.96990565461153	2.2082744135228	211	"MarBarcelona"
38	1.91985947185537	1.9473377010465	2.30358459332713	211	"MarBarcelona"
60	2.07819075977818	2.18829594659192	2.494031557565	211	"MarBarcelona"
58	1.73695123273306	1.96850998097255	2.30358459332713	211	"MarBarcelona"
42	1.41827740697294	1.99605993274078	2.30358459332713	211	"MarBarcelona"
46	1.87946504964716	2.1150499691472	2.39880395073459	211	"MarBarcelona"
218	1.49962304642689	1.95868534054404	2.30358459332713	211	"MarBarcelona"
43	1.6094379124341	1.92570744173779	2.30358459332713	211	"MarBarcelona"
71	1.4036429994545	1.91692261218206	2.22570404865809	2102	"MarTarragona"
68	1.86872051036418	2.1540850846756	2.43009841329301	2102	"MarTarragona"
62	1.5830939370945	1.93585981320181	2.22570404865809	2102	"MarTarragona"
76	1.31372366828506	1.86408013080768	2.12823170584927	2102	"MarTarragona"
82	1.30833281965018	1.85473426838944	2.11142458753289	2102	"MarTarragona"
73	1.35325450704169	1.92278773163446	2.24389609664537	2102	"MarTarragona"
64	1.57484646766448	2.05923883436232	2.37490575457367	2102	"MarTarragona"
73	1.27256559579155	1.84530023615608	2.16332302566054	2102	"MarTarragona"
193	1.33236601909433	1.85159946958407	2.11986345617875	2102	"MarTarragona"
75	1.76130026174335	2.05412373369555	2.31253542384721	2102	"MarTarragona"
200	1.26129787094521	1.8099267731835	2.09556092355972	2102	"MarTarragona"
89	1.55603713570699	1.93152141160321	2.1540850846756	2102	"MarTarragona"
101	1.37118072330984	1.89461685466776	2.19833507162025	2102	"MarTarragona"
74	1.55392520250384	1.93730177451871	2.19833507162025	2102	"MarTarragona"
66	1.48160454092422	2.02946317187359	2.39698576841553	2102	"MarTarragona"
62	1.5810384379124	2.03470564783844	2.3646204839135	2102	"MarTarragona"
81	1.65822807660353	2.01756613796175	2.26384426467762	2102	"MarTarragona"
195	1.14103300455206	1.79508725932073	2.1126345090356	2102	"MarTarragona"
89	1.38879124131848	1.85473426838944	2.21593728626837	2102	"MarTarragona"
88	1.61541998411165	1.96290772542388	2.18041745901984	2102	"MarTarragona"
71	1.64480505627139	2.04251818757524	2.32238772029023	2102	"MarTarragona"
63	1.49962304642689	1.96711235670592	2.26384426467762	2102	"MarTarragona"
196	1.08518926833597	1.74745921033147	2.02551319965428	2102	"MarTarragona"
63	1.75785791755237	2.05923883436232	2.35422832614588	2102	"MarTarragona"
198	1.14103300455206	1.7245507195346	1.96571277635149	2102	"MarTarragona"
72	1.6094379124341	2.01756613796175	2.34372703632522	2102	"MarTarragona"
73	1.33762918913861	1.8961194845523	2.1540850846756	2102	"MarTarragona"
83	1.45395300959371	1.90954250488444	2.17133680638409	2102	"MarTarragona"
65	1.48839958405704	2.01756613796175	2.3646204839135	2102	"MarTarragona"
74	1.24415459395877	1.77833644889591	2.03992078351755	2102	"MarTarragona"
66	1.35840915763035	1.94304891677428	2.26384426467762	2102	"MarTarragona"
72	1.46093790411566	1.92278773163446	2.18941639488841	2102	"MarTarragona"
72	1.55180879959746	1.93296963777958	2.18041745901984	2102	"MarTarragona"
78	1.22377543162212	1.82616089594539	2.11986345617875	2102	"MarTarragona"
78	1.54968790802833	1.97962120639763	2.2353763433006	2102	"MarTarragona"
72	1.38128181929635	1.85785927093258	2.13653050866396	2102	"MarTarragona"
79	1.3609765531356	1.85002837735203	2.08691355651854	2102	"MarTarragona"
195	1.33236601909433	1.8213182714696	2.07191327525904	2102	"MarTarragona"
99	1.17248213723457	1.72097928716701	1.95868534054404	2102	"MarTarragona"
67	1.59330853050422	1.95444505150515	2.22570404865809	2102	"MarTarragona"
65	1.56861591791385	2.03339760317843	2.33311429802887	2102	"MarTarragona"
73	0.928219302739429	1.78002421300963	2.21593728626837	2102	"MarTarragona"
194	1.31103187661934	1.8099267731835	2.05540496385159	2102	"MarTarragona"
101	1.31372366828506	1.8229350866965	2.13653050866396	2102	"MarTarragona"
71	1.84687876844913	2.13060982825424	2.41947884446554	2102	"MarTarragona"
77	1.44926916028128	1.90657514365664	2.14593128294867	2102	"MarTarragona"
73	1.91692261218206	2.04381436403668	2.31253542384721	2102	"MarTarragona"
76	1.37371557891303	1.86562931779451	2.12823170584927	2102	"MarTarragona"
194	1.26129787094521	1.79009141212736	2.05412373369555	2102	"MarTarragona"
57	1.28923264827676	1.83418018511201	2.22354188565359	2102	"MarTarragona"
296	1.41585316336144	1.78339121955754	2.05027016437956	2102	"MarTarragona"
172	1.41342302850814	1.88251383249652	2.15176220325946	2102	"MarTarragona"
58	1.61342993370364	1.97408102602201	2.31154483436552	2102	"MarTarragona"
57	1.93585981320181	2.07065303564676	2.34468626901268	2102	"MarTarragona"
265	1.37624402526639	1.67335123817775	1.83258146374831	2102	"MarTarragona"
63	1.48613969608961	1.92424865227413	2.23108909128898	2102	"MarTarragona"
249	1.53901544813755	1.7630170003624	1.92716410623426	2102	"MarTarragona"
306	1.50185270175416	1.81319474994812	2.05796251000271	2102	"MarTarragona"
19	1.51072193949494	1.87333945622048	2.56032328907275	2102	"MarTarragona"
213	1.40854497005471	1.83896107071235	2.12584791449399	2102	"MarTarragona"
66	1.86562931779451	2.11986345617875	2.47989410796446	2102	"MarTarragona"
190	1.45161382724053	1.880990602956	2.1126345090356	2102	"MarTarragona"
63	1.73871024813824	2.06812778177956	2.39880395073459	2102	"MarTarragona"
61	2.16332302566054	2.19053558918542	2.58926666511224	2102	"MarTarragona"
62	1.89761985992753	2.05412373369555	2.39880395073459	2102	"MarTarragona"
301	1.47932922708708	1.73165554515835	2.01756613796175	2102	"MarTarragona"
62	1.7245507195346	2.05027016437956	2.39880395073459	2102	"MarTarragona"
62	1.52605630349505	1.9473377010465	2.30358459332713	2102	"MarTarragona"
63	1.57691472072854	1.96290772542388	2.30358459332713	2102	"MarTarragona"
79	1.44691898293633	1.9213246735827	2.16332302566054	2106	"MarVilanova"
195	1.25276296849537	1.82616089594539	2.1126345090356	2106	"MarVilanova"
102	1.30833281965018	1.83258146374831	2.13653050866396	2106	"MarVilanova"
85	1.54115907168081	1.98375629154543	2.22570404865809	2106	"MarVilanova"
76	1.20597080698861	1.90954250488444	2.25339484880327	2106	"MarVilanova"
86	1.24415459395877	1.82776990675109	2.05540496385159	2106	"MarVilanova"
198	1.34025042261848	1.83736998048011	2.07944154167984	2106	"MarVilanova"
97	1.19694818938897	1.76985463384001	2.08691355651854	2106	"MarVilanova"
76	1.50629715351459	1.97546895129686	2.2353763433006	2106	"MarVilanova"
71	1.44926916028128	2.02419306744936	2.33311429802887	2106	"MarVilanova"
86	0.896088024556636	1.5953389880546	1.83896107071235	2106	"MarVilanova"
197	1.28370777234479	1.81156209652423	2.06305806242931	2106	"MarVilanova"
104	1.42791603581071	1.89160480419777	2.13653050866396	2106	"MarVilanova"
74	1.66392609771817	2.09186406167839	2.3646204839135	2106	"MarVilanova"
81	1.41342302850814	1.9643112344262	2.2353763433006	2106	"MarVilanova"
83	1.80170980008122	2.03992078351755	2.29253475714054	2106	"MarVilanova"
82	1.22964055107451	1.84530023615608	2.11986345617875	2106	"MarVilanova"
195	1.26412672714568	1.82616089594539	2.09924416897602	2106	"MarVilanova"
65	1.21194097397511	1.81156209652423	2.2170272046324	2106	"MarVilanova"
71	1.22964055107451	1.86252854011626	2.27109442590267	2106	"MarVilanova"
67	1.39871688111845	1.96711235670592	2.40874528882244	2106	"MarVilanova"
60	1.51292701205326	1.93007108502557	2.28033948404673	2106	"MarVilanova"
61	1.83736998048011	2.02022218201986	2.32434658477556	2106	"MarVilanova"
241	1.18478998490916	1.67147330335355	1.97823903617067	2106	"MarVilanova"
65	1.33762918913861	1.83896107071235	2.15292431843964	2106	"MarVilanova"
64	1.66013102674962	1.92716410623426	2.20276475771183	2106	"MarVilanova"
259	1.21194097397511	1.69927861643389	2.03470564783844	2106	"MarVilanova"
61	1.45628673293993	1.9154509415706	2.30358459332713	2106	"MarVilanova"
214	1.38879124131848	1.84530023615608	2.13534917361813	2106	"MarVilanova"
72	1.79009141212736	2.10413415427021	2.45358796653057	2106	"MarVilanova"
142	1.51512723296286	1.9213246735827	2.2082744135228	2106	"MarVilanova"
69	1.71018781553424	2.0360119837525	2.30358459332713	2106	"MarVilanova"
68	2.13416644136908	2.18380155700408	2.494031557565	2106	"MarVilanova"
67	1.83736998048011	1.99333884262642	2.30358459332713	2106	"MarVilanova"
84	1.30833281965018	1.82454929205105	2.30358459332713	2106	"MarVilanova"
69	1.68268837417369	2.05540496385159	2.39880395073459	2106	"MarVilanova"
65	1.50407739677627	1.88706964903238	2.2082744135228	2106	"MarVilanova"
66	1.49065437644413	1.89160480419777	2.30358459332713	2106	"MarVilanova"
71	1.38879124131848	1.91985947185537	2.22570404865809	209	"MarDeltaEbre"
69	1.7509374747078	2.12345842709661	2.41947884446554	209	"MarDeltaEbre"
63	1.41827740697294	1.89160480419777	2.2353763433006	209	"MarDeltaEbre"
76	1.26129787094521	1.85159946958407	2.14593128294867	209	"MarDeltaEbre"
81	1.30562645805244	1.85473426838944	2.11986345617875	209	"MarDeltaEbre"
74	1.34025042261848	1.9154509415706	2.2353763433006	209	"MarDeltaEbre"
64	1.43031124653666	1.98650354602057	2.3646204839135	209	"MarDeltaEbre"
75	1.22964055107451	1.84213567655312	2.20717490818939	209	"MarDeltaEbre"
185	1.24126858906963	1.82616089594539	2.11142458753289	209	"MarDeltaEbre"
75	1.74221902366792	2.04898233419513	2.32238772029023	209	"MarDeltaEbre"
189	1.13462272619114	1.76473079684014	2.06305806242931	209	"MarDeltaEbre"
84	1.46325540225602	1.9154509415706	2.16332302566054	209	"MarDeltaEbre"
93	1.33500106673234	1.86097453824953	2.13653050866396	209	"MarDeltaEbre"
75	1.57484646766448	1.95727390770563	2.22570404865809	209	"MarDeltaEbre"
69	1.35583515363518	1.96571277635149	2.34372703632522	209	"MarDeltaEbre"
61	1.3787660946991	1.92424865227413	2.34372703632522	209	"MarDeltaEbre"
77	1.56234630490025	1.98650354602057	2.25339484880327	209	"MarDeltaEbre"
188	0.959350221334602	1.73342389221509	2.1126345090356	209	"MarDeltaEbre"
88	1.28370777234479	1.8196988379173	2.17133680638409	209	"MarDeltaEbre"
91	1.57484646766448	1.93730177451871	2.18041745901984	209	"MarDeltaEbre"
69	1.52388002407245	1.98375629154543	2.32238772029023	209	"MarDeltaEbre"
64	1.33500106673234	1.90805992492422	2.27315628230323	209	"MarDeltaEbre"
90	1.07840958135059	1.69009581545155	1.93730177451871	209	"MarDeltaEbre"
66	1.66581824587021	2.06178660644112	2.37490575457367	209	"MarDeltaEbre"
73	1.05431202977153	1.70656462316482	1.96571277635149	209	"MarDeltaEbre"
71	1.53255686809814	1.97685495290473	2.25339484880327	209	"MarDeltaEbre"
75	1.24703229378638	1.85473426838944	2.14593128294867	209	"MarDeltaEbre"
80	1.44691898293633	1.90954250488444	2.17133680638409	209	"MarDeltaEbre"
71	1.34286480319255	2.04898233419513	2.35422832614588	209	"MarDeltaEbre"
76	1.29746314741327	1.81482474215905	2.06305806242931	209	"MarDeltaEbre"
77	1.30291275218084	1.84054963339749	2.11142458753289	209	"MarDeltaEbre"
73	1.47017584510059	1.92716410623426	2.19833507162025	209	"MarDeltaEbre"
72	1.54329810992956	1.9387416595767	2.20717490818939	209	"MarDeltaEbre"
79	1.24990173621434	1.83896107071235	2.12823170584927	209	"MarDeltaEbre"
76	1.45161382724053	1.94876321803772	2.2353763433006	209	"MarDeltaEbre"
73	1.3297240096315	1.85785927093258	2.14593128294867	209	"MarDeltaEbre"
78	1.36353737399727	1.86408013080768	2.12823170584927	209	"MarDeltaEbre"
185	1.23547147138531	1.80828877117927	2.09556092355972	209	"MarDeltaEbre"
106	1.16002091679675	1.71739505393919	1.94448055624572	209	"MarDeltaEbre"
68	1.50407739677627	1.9387416595767	2.22570404865809	209	"MarDeltaEbre"
67	1.49738840862548	2.00012773496011	2.32238772029023	209	"MarDeltaEbre"
74	0.858661619037519	1.8099267731835	2.21593728626837	209	"MarDeltaEbre"
182	1.21491274436427	1.77833644889591	2.04769284336526	209	"MarDeltaEbre"
103	1.22082992139236	1.78842056796254	2.14593128294867	209	"MarDeltaEbre"
73	1.80828877117927	2.12226153886276	2.41947884446554	209	"MarDeltaEbre"
75	1.42791603581071	1.90210752639692	2.1540850846756	209	"MarDeltaEbre"
71	1.84687876844913	2.0515563381903	2.32238772029023	209	"MarDeltaEbre"
76	1.38379123090177	1.87180217690159	2.13653050866396	209	"MarDeltaEbre"
72	1.24415459395877	1.80664808172181	2.07191327525904	209	"MarDeltaEbre"
349	1.43508452528932	1.75267208052001	1.9387416595767	209	"MarDeltaEbre"
315	1.47017584510059	1.74571553072665	1.9643112344262	209	"MarDeltaEbre"
333	1.24990173621434	1.65249740189455	1.88251383249652	209	"MarDeltaEbre"
320	1.56444054650336	1.78170913337455	2.006870848845	209	"MarDeltaEbre"
329	1.70656462316482	1.84371920815877	2.07317192866624	209	"MarDeltaEbre"
327	1.33500106673234	1.6467336971778	1.85473426838944	209	"MarDeltaEbre"
354	1.39376637595859	1.69561560867515	1.92424865227413	209	"MarDeltaEbre"
70	1.55603713570699	1.92570744173779	2.2170272046324	209	"MarDeltaEbre"
336	1.38128181929635	1.66959183525385	1.88403474533723	209	"MarDeltaEbre"
65	1.52605630349505	1.82616089594539	2.08193842187842	209	"MarDeltaEbre"
342	1.36353737399727	1.67709656090792	1.9139771019523	209	"MarDeltaEbre"
65	1.72988406550997	2.06559613485778	2.48823443988067	209	"MarDeltaEbre"
65	1.31372366828506	1.84054963339749	2.1126345090356	209	"MarDeltaEbre"
63	1.67709656090792	1.96290772542388	2.30358459332713	209	"MarDeltaEbre"
64	2.10046890887191	2.1938856760707	2.58926666511224	209	"MarDeltaEbre"
62	1.86562931779451	2.05668455455722	2.39880395073459	209	"MarDeltaEbre"
77	1.40118297361364	1.89160480419777	2.2082744135228	209	"MarDeltaEbre"
65	1.60140574073684	2.04640168760164	2.39880395073459	209	"MarDeltaEbre"
64	1.43508452528932	1.93730177451871	2.30358459332713	209	"MarDeltaEbre"
64	1.50407739677627	1.9473377010465	2.30358459332713	209	"MarDeltaEbre"
76	1.56444054650336	1.96009478404727	2.2353763433006	2128	"MarBegur"
85	2.03470564783844	2.13416644136908	2.3646204839135	2128	"MarBegur"
77	1.83098018238134	2.0360119837525	2.31253542384721	2128	"MarBegur"
84	1.57691472072854	1.93730177451871	2.22570404865809	2128	"MarBegur"
78	1.68268837417369	1.97823903617067	2.2353763433006	2128	"MarBegur"
78	1.50407739677627	1.95868534054404	2.2353763433006	2128	"MarBegur"
76	1.85785927093258	2.08069076108027	2.34372703632522	2128	"MarBegur"
142	1.28923264827676	1.82616089594539	2.11142458753289	2128	"MarBegur"
128	1.39624469197306	1.88555334851442	2.14593128294867	2128	"MarBegur"
76	1.67147330335355	1.97962120639763	2.2353763433006	2128	"MarBegur"
215	1.43031124653666	1.88555334851442	2.1540850846756	2128	"MarBegur"
99	1.63510565918268	1.91839212016142	2.13653050866396	2128	"MarBegur"
125	1.68639895357023	1.99877363861238	2.29253475714054	2128	"MarBegur"
115	1.57277392806251	1.94161522477243	2.17133680638409	2128	"MarBegur"
74	1.92424865227413	2.11745960886736	2.39698576841553	2128	"MarBegur"
75	1.85159946958407	2.09309786812732	2.35422832614588	2128	"MarBegur"
94	1.81807677754543	2.04381436403668	2.25339484880327	2128	"MarBegur"
346	1.68824909285839	1.8961194845523	2.2082744135228	2128	"MarBegur"
83	1.78507048107726	2.002830439308	2.25339484880327	2128	"MarBegur"
119	1.5830939370945	1.9473377010465	2.20717490818939	2128	"MarBegur"
91	1.7227665977411	2.00552585872967	2.24389609664537	2128	"MarBegur"
72	1.76130026174335	1.99877363861238	2.24389609664537	2128	"MarBegur"
99	1.50185270175416	1.90359895098359	2.13653050866396	2128	"MarBegur"
41	1.81482474215905	1.94304891677428	2.18041745901984	2128	"MarBegur"
112	1.24126858906963	1.77664583141801	1.97269117173296	2128	"MarBegur"
80	1.8229350866965	2.06305806242931	2.32238772029023	2128	"MarBegur"
81	1.69744878975681	2.01223279198639	2.25339484880327	2128	"MarBegur"
87	1.60542989103656	1.96150224381515	2.18041745901984	2128	"MarBegur"
75	1.73342389221509	2.01356879752913	2.29253475714054	2128	"MarBegur"
96	1.81645208181843	2.04122032885964	2.28238238567653	2128	"MarBegur"
79	1.60743590976343	1.98787434815435	2.24389609664537	2128	"MarBegur"
96	1.53471436623816	1.92424865227413	2.1540850846756	2128	"MarBegur"
86	1.53255686809814	1.90359895098359	2.16332302566054	2128	"MarBegur"
96	1.54543258245819	1.89461685466776	2.1540850846756	2128	"MarBegur"
95	1.56861591791385	1.91692261218206	2.13653050866396	2128	"MarBegur"
122	1.45861502269952	1.88251383249652	2.11142458753289	2128	"MarBegur"
104	1.3244189574018	1.83736998048011	2.05540496385159	2128	"MarBegur"
72	1.35583515363518	1.91250108692418	2.2353763433006	2128	"MarBegur"
97	1.64287268852034	1.95302761682418	2.1540850846756	2128	"MarBegur"
80	1.80500469597808	2.02419306744936	2.25339484880327	2128	"MarBegur"
73	1.7245507195346	2.02814824729229	2.31253542384721	2128	"MarBegur"
71	1.38128181929635	1.87487437593856	2.14593128294867	2128	"MarBegur"
110	1.58514521986506	1.91985947185537	2.12823170584927	2128	"MarBegur"
100	1.47247205736094	1.880990602956	2.11142458753289	2128	"MarBegur"
77	1.71918877639322	2.06178660644112	2.34372703632522	2128	"MarBegur"
84	1.83736998048011	2.04122032885964	2.26384426467762	2128	"MarBegur"
84	1.8196988379173	2.03992078351755	2.25339484880327	2128	"MarBegur"
81	1.67709656090792	1.97408102602201	2.2353763433006	2128	"MarBegur"
352	1.8531680973567	1.96571277635149	2.24177295359729	2128	"MarBegur"
353	2.03470564783844	2.0515563381903	2.33505228313155	2128	"MarBegur"
343	2.05668455455722	1.89160480419777	2.22786154679811	2128	"MarBegur"
71	1.83896107071235	2.05796251000271	2.39698576841553	2128	"MarBegur"
346	1.91102289005487	1.98787434815435	2.2554934854602	2128	"MarBegur"
67	2.06432790386979	2.11866225483312	2.41054223449914	2128	"MarBegur"
333	1.75785791755237	1.9139771019523	2.15524450509534	2128	"MarBegur"
349	2.13179677201376	2.07693841146172	2.33988087773774	2128	"MarBegur"
344	2.15871472257434	1.99877363861238	2.39059597031676	2128	"MarBegur"
350	1.97823903617067	2.05412373369555	2.33408376005342	2128	"MarBegur"
348	2.13534917361813	2.09801792725277	2.38784493694487	2128	"MarBegur"
349	1.92570744173779	2.03992078351755	2.33311429802887	2128	"MarBegur"
348	1.98650354602057	2.03339760317843	2.30258509299405	2128	"MarBegur"
353	1.88706964903238	1.95160817016995	2.2082744135228	2128	"MarBegur"
342	1.96711235670592	1.9387416595767	2.30358459332713	2128	"MarBegur"
75	2.06305806242931	2.18941639488841	2.494031557565	2128	"MarBegur"
349	1.79009141212736	1.87487437593856	2.2082744135228	2128	"MarBegur"
345	1.87946504964716	1.92570744173779	2.2082744135228	2128	"MarBegur"
17	1.94161522477243	2.00417905717929	2.30358459332713	2128	"MarBegur"
344	1.83736998048011	1.87793716546911	2.2082744135228	2128	"MarBegur"
345	1.870262530716	1.9213246735827	2.2082744135228	2128	"MarBegur"
89	1.36353737399727	1.91985947185537	2.2353763433006	2122	"CostaPalamos"
97	1.84530023615608	2.14358936150359	2.39698576841553	2122	"CostaPalamos"
90	1.60140574073684	2.04640168760164	2.32238772029023	2122	"CostaPalamos"
98	1.38379123090177	1.85785927093258	2.22570404865809	2122	"CostaPalamos"
89	1.49290409617815	1.98924327376169	2.24389609664537	2122	"CostaPalamos"
91	1.29198368164865	1.88403474533723	2.2353763433006	2122	"CostaPalamos"
90	1.63119940421561	2.07191327525904	2.34372703632522	2122	"CostaPalamos"
135	1.18784342239605	1.76473079684014	2.08691355651854	2122	"CostaPalamos"
125	1.29746314741327	1.83577635464483	2.1540850846756	2122	"CostaPalamos"
94	1.44926916028128	1.96009478404727	2.2353763433006	2122	"CostaPalamos"
129	1.16315080980568	1.75267208052001	2.11986345617875	2122	"CostaPalamos"
103	1.48387468945875	1.89761985992753	2.13653050866396	2122	"CostaPalamos"
124	1.63315443905142	1.99470031322475	2.31253542384721	2122	"CostaPalamos"
117	1.4655675420144	1.90657514365664	2.18941639488841	2122	"CostaPalamos"
89	1.68082790852077	2.12704052047911	2.40784560365154	2122	"CostaPalamos"
89	1.66203036255327	2.10169215061466	2.38600670113312	2122	"CostaPalamos"
104	1.67709656090792	2.06051353179432	2.28238238567653	2122	"CostaPalamos"
189	1.18478998490916	1.71918877639322	2.01756613796175	2122	"CostaPalamos"
100	1.60140574073684	1.95160817016995	2.26384426467762	2122	"CostaPalamos"
119	1.49065437644413	1.91985947185537	2.21593728626837	2122	"CostaPalamos"
101	1.55392520250384	2.03077636969855	2.26384426467762	2122	"CostaPalamos"
87	1.4655675420144	2.00012773496011	2.25339484880327	2122	"CostaPalamos"
109	1.3609765531356	1.8484548129046	2.12823170584927	2122	"CostaPalamos"
103	1.42310833424261	1.94161522477243	2.19833507162025	2122	"CostaPalamos"
116	1.18478998490916	1.74221902366792	2.00955541421567	2122	"CostaPalamos"
94	1.62727783056243	2.0515563381903	2.33311429802887	2122	"CostaPalamos"
95	1.48839958405704	1.96150224381515	2.24389609664537	2122	"CostaPalamos"
115	1.46787434811231	1.89160480419777	2.12823170584927	2122	"CostaPalamos"
88	1.45161382724053	2.02022218201986	2.30258509299405	2122	"CostaPalamos"
114	1.61938824328727	1.97269117173296	2.24389609664537	2122	"CostaPalamos"
91	1.40609698841607	1.92861865194525	2.24389609664537	2122	"CostaPalamos"
117	1.42791603581071	1.89009536994892	2.21593728626837	2122	"CostaPalamos"
100	1.38379123090177	1.8531680973567	2.1540850846756	2122	"CostaPalamos"
126	1.41342302850814	1.87180217690159	2.18941639488841	2122	"CostaPalamos"
105	1.48160454092422	1.91692261218206	2.1540850846756	2122	"CostaPalamos"
121	1.3244189574018	1.81807677754543	2.12823170584927	2122	"CostaPalamos"
111	1.18784342239605	1.79009141212736	2.07191327525904	2122	"CostaPalamos"
131	1.12817109090965	1.71559810826249	2.01756613796175	2122	"CostaPalamos"
109	1.49290409617815	1.88403474533723	2.12823170584927	2122	"CostaPalamos"
95	1.62136648329937	2.01623546577604	2.26384426467762	2122	"CostaPalamos"
87	1.51072193949494	2.01490302054226	2.31253542384721	2122	"CostaPalamos"
82	1.08856195281461	1.84054963339749	2.1540850846756	2122	"CostaPalamos"
115	1.46093790411566	1.89009536994892	2.13653050866396	2122	"CostaPalamos"
119	1.42310833424261	1.880990602956	2.11986345617875	2122	"CostaPalamos"
91	1.48160454092422	2.01089499914473	2.32238772029023	2122	"CostaPalamos"
99	1.64865862558738	2.02814824729229	2.29253475714054	2122	"CostaPalamos"
101	1.64865862558738	2.02814824729229	2.25339484880327	2122	"CostaPalamos"
96	1.45161382724053	1.88706964903238	2.22570404865809	2122	"CostaPalamos"
94	1.45161382724053	1.92278773163446	2.19833507162025	2122	"CostaPalamos"
5	1.34286480319255	1.58514521986506	2.27315628230323	2122	"CostaPalamos"
82	1.34807314829969	1.92278773163446	2.2353763433006	2122	"CostaPalamos"
76	1.66013102674962	2.01490302054226	2.35042242240821	2122	"CostaPalamos"
68	1.28647402583768	1.9139771019523	2.32434658477556	2122	"CostaPalamos"
69	1.92716410623426	2.12942147398486	2.42214432805168	2122	"CostaPalamos"
76	1.17865499634165	1.89761985992753	2.30058309032337	2122	"CostaPalamos"
86	1.35066718347674	1.92716410623426	2.1540850846756	2122	"CostaPalamos"
64	1.38879124131848	1.96009478404727	2.30558060197384	2122	"CostaPalamos"
31	1.20297230399235	1.83736998048011	2.35517754311322	2122	"CostaPalamos"
76	1.40854497005471	1.92424865227413	2.27931646605469	2122	"CostaPalamos"
74	1.4747630091075	2.10900034392138	2.40874528882244	2122	"CostaPalamos"
82	1.55392520250384	2.11142458753289	2.42745407503992	2122	"CostaPalamos"
144	1.39376637595859	1.91692261218206	2.2082744135228	2122	"CostaPalamos"
84	1.60140574073684	2.07944154167984	2.39880395073459	2122	"CostaPalamos"
80	1.91250108692418	2.21484617868604	2.494031557565	2122	"CostaPalamos"
79	1.33236601909433	2.00417905717929	2.30358459332713	2122	"CostaPalamos"
96	1.40854497005471	1.98787434815435	2.30358459332713	2122	"CostaPalamos"
99	1.63705307946707	2.07944154167984	2.30358459332713	2122	"CostaPalamos"
203	1.25846098961001	1.92570744173779	2.30358459332713	2122	"CostaPalamos"
79	1.35066718347674	1.97546895129686	2.30358459332713	2122	"CostaPalamos"
